178, 186, 201, 218
189, 246, 252, 262, 275
2, 5, 35, 46, 53, 55, 128, 260
108, 133, 139, 225
145
148, 150, 151, 165, 290
156, 284, 323
96, 124, 149
9, 13, 24, 25, 47, 74, 235, 245, 300
206, 208, 226, 240, 280
94, 136
244, 273, 307, 317, 322
203, 215, 279, 304
3, 10, 15, 17, 18, 48, 50, 132
233
164, 257
298, 301, 302, 305, 311, 321
185, 219
109, 111, 118, 119, 202, 214, 265
81, 93, 168
75, 131, 264
110, 309
115, 194
14, 56, 59, 73, 204, 254
177, 312
205, 319
0, 11, 38, 40, 41, 65, 68, 97
126, 237, 238, 314
159, 160, 170
105, 143, 154, 210, 277
137, 251, 261, 299
221, 228, 236
192, 196, 209, 283
144, 278
117, 220, 313
234, 281
7, 22, 26, 39, 66, 67, 87, 121, 129
134, 163, 231, 259, 268, 308
4, 12, 33, 37, 42, 70, 98, 267
103, 155, 207, 217, 227
77, 99, 104, 147, 157, 253
138, 188, 289, 291
86, 100, 198, 250, 269
20, 27, 44, 64, 101, 211
107, 141, 315
54, 57, 58, 69, 78, 80
120, 140, 183, 216, 285
152, 166, 270, 286
79, 83, 88, 89, 95, 174
113, 116, 169, 248
282
61, 71, 92, 241, 266
84, 102, 112
153, 197, 258, 292
130, 212
90, 146, 158, 161, 190
243, 287, 293, 297
199, 247, 249, 256
125, 176, 230, 239
272, 288, 296, 316
6, 23, 43, 45, 172
127, 142, 223, 276
114, 224, 271, 320
123, 181, 195, 274
16, 29, 31, 72, 303
8, 21, 28, 30, 32, 34, 36, 51, 63, 213, 306
1, 19, 49, 52, 60, 62, 242
91, 295
175, 232, 263, 318
171, 179, 180
135, 184, 200, 222, 229, 255
187, 193, 294, 310
76, 82, 106, 173
85, 162, 167
122, 182, 191
