110, 118, 141, 176
78, 121, 135, 142, 144, 192, 200, 219, 275
0, 41, 44, 49, 55, 59, 68, 109, 116, 315
196, 259, 265, 305, 316
83, 99, 168, 238
189, 220, 241, 248
87, 123, 132, 150, 217
38, 57, 65, 89
228, 282, 295, 317
218, 245, 298
120, 175, 269
85, 242, 276
145, 160, 225, 250
35, 48, 201, 203
18, 31, 46, 51, 53, 72, 79, 95, 100
101, 117, 130, 210, 221
153, 185, 188, 263
127, 174, 212, 214, 306
194, 202, 299
98, 133, 139, 172
86, 91, 154, 171, 207
11, 30, 36, 42, 52, 64, 179, 267
156, 186, 191, 237
199, 301, 302, 314
92, 320
223, 261, 272
140, 158
193, 254, 287, 319
73, 75, 97
107, 128, 239, 303
106, 115, 278
74, 80, 213, 215, 236
125, 147, 149, 232, 309
119, 240
82, 94, 159, 258, 296, 313
291, 292, 300, 304
76, 88, 138
77, 93, 167, 177
281, 286, 289, 311, 321
70, 187, 244, 249
146, 204
195, 211, 274
6, 14, 17, 56, 84, 231, 234, 260, 270
3, 8, 19, 32, 198, 205
4, 5, 22, 39, 47, 54, 60, 163, 178, 190
10, 23, 24, 25, 27, 29, 34, 61, 136, 143, 155, 208
166, 230, 288, 310
182, 279, 283, 284
209, 273
69, 222, 235, 251, 262, 271
113, 181, 183, 197
16, 28, 63, 103, 246, 266
102, 124, 131, 137, 151
152, 169
122, 255, 293, 308, 312
81, 96, 307
126, 134, 170, 256
9, 12, 13, 15, 26, 37, 58, 62
67, 162, 164, 280, 318
224, 257, 285, 297
148, 157, 184, 268
104, 114, 173, 290, 322
90, 108, 112, 129, 180
105, 111, 233
226, 247, 252, 264, 277, 323
165, 206, 216, 227, 229, 253
1, 2, 7, 20, 21, 33, 40, 43, 45, 50, 66, 71, 161, 243, 294
